.Random.seed <-
c(403L, 10L, 1225431077L, 1220154687L, -1444398394L, 39819088L, 
-786897037L, -1560729199L, 1501240256L, -1407709794L, 1298390889L, 
1796840347L, 1486144170L, -1029706548L, 1239414159L, -1789505083L, 
1065637244L, -1971257902L, -307164851L, 607706119L, -995517458L, 
-377584952L, -274563637L, 1503442985L, -1995268488L, -1819395162L, 
1437691329L, 107113043L, 869638402L, -590763980L, -622399049L, 
-2027694675L, -1372893500L, -874126614L, 289576277L, 133434095L, 
528660726L, 1767594016L, 1664092643L, 937663105L, -319703824L, 
1380281230L, 254338297L, -1236455797L, 603831994L, 340412L, 1857356543L, 
-1072368043L, 2020544876L, -322039358L, 1487522333L, 449819287L, 
-469836802L, -2101356616L, 709700507L, -1689898503L, 344105288L, 
-1135559562L, -588510799L, -446687261L, 975545522L, 2120198404L, 
-1209593273L, 498750749L, -1129303148L, 1492469562L, 1158556549L, 
1022140511L, 172774L, 1152444784L, -521907565L, -1547949263L, 
-1951516192L, -584294786L, 1873184009L, -1128122565L, -688107766L, 
-191336724L, -1997522065L, -1274270555L, -713830820L, -976402894L, 
-1328687827L, 80782311L, 369263374L, -1386797848L, -2094604565L, 
-2100007031L, -120362216L, 408510022L, -915362143L, -400428749L, 
1648279714L, 236720020L, -2085814761L, -2029565427L, 836927268L, 
13085450L, -2107087243L, -1560267313L, 1685872342L, -1035500928L, 
1245244611L, 236784225L, 641401552L, 544035886L, -65209895L, 
1710048747L, -351694758L, -824819172L, 691696415L, 1219495797L, 
451956236L, 875100130L, -1030660931L, 1310956343L, -152861730L, 
-667680488L, 1367516283L, 1102903833L, -844674392L, -92938154L, 
94502097L, 63924355L, -1936762094L, -428441948L, -2087679385L, 
-985857091L, 136920372L, 207976090L, 294724837L, -1515776385L, 
-1162059770L, -28458096L, 1883713075L, 39132625L, -915128448L, 
-1244646818L, -1703966295L, -354686885L, -933146518L, 1838153996L, 
-403940529L, 1404692485L, -714713412L, 1842565010L, 818470029L, 
-713004345L, 1527655342L, 550995464L, -1271801333L, 566631145L, 
-678148680L, -1920736666L, -1518334207L, 1863149971L, 2075361858L, 
805832180L, -1637474313L, -2084232211L, 613354628L, -1935330646L, 
1328908309L, -2082131793L, 283352758L, 56167648L, -997265373L, 
-786051263L, -1128058320L, 507957326L, 178229433L, -409574197L, 
-571135622L, 2143728764L, -1100758849L, 206366101L, 1431115180L, 
-730665086L, 219092317L, -1445450665L, 2126678846L, -1381706888L, 
1569538139L, -50821191L, 1512871432L, -2010176330L, -630406159L, 
-1264546269L, -1195954574L, -1700522812L, -1511234937L, -1571808675L, 
-865428396L, 621377146L, 544835013L, -380852449L, -1567112538L, 
-1941314512L, 1784305363L, -734595855L, 2031767584L, 1934395070L, 
1332548297L, -957683589L, -277543350L, 669532844L, 971789743L, 
-1650543259L, -297630948L, -330193038L, -1121747987L, -1305555929L, 
1579447374L, -1261414232L, -436062549L, 689775561L, 1351598040L, 
1790596742L, 2101743457L, -1670724877L, 490093922L, -1851171884L, 
-2060181801L, 1295033549L, -1298324380L, 1066183242L, 779825077L, 
1033458447L, -242946026L, -551099116L, 1147572546L, 1932393216L, 
1761921980L, 1893544784L, -1385293534L, -1706181304L, -1389766644L, 
-2043084708L, 1619303634L, -1929709568L, -133842092L, -1955227160L, 
-703672326L, -1431171376L, -515238612L, 2096546036L, 1309423506L, 
978132064L, -952734452L, 1123172064L, 2047868258L, 1822712488L, 
-910095796L, -2073819268L, 1044581170L, -1395591568L, -379945660L, 
1028053976L, -794001286L, 232347184L, -1769241924L, -992499884L, 
1532072514L, -192740448L, 2064048316L, -902792752L, 509175138L, 
1549364200L, 950751180L, -1964230916L, -1513623566L, -912515968L, 
335182068L, -187439992L, -1333885638L, -2115128496L, -2002502548L, 
-1163456364L, 1529854290L, 372311776L, -1464278836L, -834023264L, 
-707669630L, -1962274584L, -901476116L, 81866812L, -2015711118L, 
-760833936L, 1889901092L, 1224487480L, 286859802L, 121645264L, 
361141820L, -462998380L, 1998152834L, -1969172544L, 262276412L, 
2040526480L, -357610462L, 897452040L, -183855988L, -1661011940L, 
-1238326126L, 647769216L, -1147503596L, 594494248L, -1252012998L, 
2135592144L, -9597844L, 1319351988L, 495509522L, -2078478368L, 
-1946586164L, 1896019424L, -257721310L, 1759425832L, 917643532L, 
388869692L, -2114587406L, -203286288L, 1307076420L, 645804120L, 
-688752070L, -1377064720L, 1000420028L, 2077065748L, -1344717630L, 
-1522923936L, -484346500L, -1590149936L, 275868706L, -76416856L, 
837459340L, 1569716668L, 1217214514L, 142666560L, -1277626700L, 
-391515832L, 1087431354L, -991267056L, 1353861356L, 825579604L, 
1804209938L, 1990046112L, -1289859124L, -851445920L, 1933583554L, 
1577414184L, -218838612L, -735902916L, 1748374386L, 1266915120L, 
-426244060L, 1273060920L, -907181350L, -1949214832L, 1679281404L, 
-114956908L, -1292078270L, 1579547136L, -1459087300L, -477414832L, 
46456994L, 205865800L, -1603464692L, 1611543260L, -1766102958L, 
782638208L, 134295380L, 470843368L, 778332922L, 1097416528L, 
56050732L, -371957388L, -1268803950L, -1098581408L, 347117708L, 
2090682720L, 942889186L, 1901561000L, -788345140L, 869784060L, 
1656382386L, -208864272L, 1482447300L, 922938712L, -884717190L, 
-249251408L, -1486814788L, -1544143276L, -361895486L, -2031711456L, 
667065276L, 321232976L, -42605598L, 1590724456L, 1731469132L, 
-136052996L, -1729560846L, 1687354624L, 976434292L, 1517592072L, 
1280925114L, -1347926576L, -285581332L, -1797293164L, -1495314222L, 
-1055110048L, -655092404L, -713643232L, -338380158L, -908058136L, 
-1833393172L, 1207207484L, -1925693838L, 1899352944L, -935981788L, 
1489750584L, -1811680870L, 982631888L, 1468954044L, -328980844L, 
-299777406L, 503260608L, -81932484L, -856624496L, -800848094L, 
-1168959992L, 1679315724L, -2061595748L, -1028905966L, 1728164736L, 
1984949012L, -1333943000L, -825544646L, 1877644240L, -1400567188L, 
1075637300L, -972892014L, -568196768L, -1576854196L, 2023034336L, 
1769010082L, -227058776L, 1657433228L, -896252996L, -1136612238L, 
-1675196432L, -541395900L, 1761691736L, 1621401658L, 589959280L, 
7046716L, -1566243052L, 109861570L, 61407968L, -327322712L, -1059757807L, 
585869315L, -1861821692L, 282199858L, 1381057927L, -1006064687L, 
573617494L, -198530252L, -45046203L, -317582705L, 82910216L, 
-2065590234L, 812423379L, -1259615691L, 1501948306L, 1261198688L, 
-1499450167L, 734586875L, 261261260L, 1128626778L, -1845610673L, 
1532765721L, 557138990L, -618587588L, -1923147859L, -2023931817L, 
951260576L, 274102014L, 368027083L, 1498584013L, 1568364282L, 
-162890440L, -458078495L, -1214953069L, -2032184908L, -797076798L, 
-1221135657L, 995889953L, -554757402L, -1941326876L, 61510421L, 
-175637697L, -1104245032L, -1105114378L, 751179011L, -512672187L, 
1278248546L, -671752752L, -1898325255L, 980531243L, 165955484L, 
-1236174902L, 1601245375L, -159112695L, 622398238L, 1148408524L, 
1509780125L, -1054185689L, -107230896L, 567523310L, -492726117L, 
782086909L, -1376019990L, -1587428728L, -1187032015L, -1483860317L, 
-27545948L, 1529024338L, 1348675239L, 1265498865L, 1078661686L, 
-1204302124L, 1284051557L, 1051086959L, 1049617064L, 1316220934L, 
1679142195L, 1800069525L, 290209266L, 1283744320L, -802571351L, 
-596183525L, 1488080876L, 37918714L, 403188783L, 463899705L, 
-1534714290L, 894054044L, 402088973L, -1656752009L, -1199935360L, 
1594984158L, 784678315L, -1157812563L, -896478438L, 189754328L, 
508631105L, -270137613L, 619653396L, -1926210398L, -1720395337L, 
-208831103L, -1564435578L, 1248147908L, -1027624715L, 1511014751L, 
1246399416L, -292028778L, -1350129501L, -1820650907L, -290400382L, 
108063984L, -1289534311L, 894680203L, 1707099516L, -1645902934L, 
-504409121L, 2085042537L, 1328764286L, -15501972L, -216109635L, 
1733283463L, 1719245424L, 1931239694L, 1859284539L, -1248600803L, 
-1145018422L, -908570392L, 2032755665L, 1657554371L, 1437523652L, 
-581491342L, -113772473L, 2131651601L, 714132886L, 1098387700L, 
