.Random.seed <-
c(403L, 10L, 213223077L, 759846079L, 163571526L, -1153055280L, 
737187827L, -576753903L, 2076143424L, -1952442594L, 394299369L, 
-1200083685L, -432994518L, -1166747572L, -1522257905L, 1182825285L, 
-494457604L, 1024547666L, 369278157L, -127026041L, -971733138L, 
-578340536L, -1025950389L, 1517068457L, -1175830024L, -163385050L, 
1046704705L, -2027013165L, 170363266L, -218858060L, 1978894647L, 
248208429L, 1878706500L, 277954154L, -252331819L, -1139599761L, 
-193150090L, -1545833312L, -721031837L, 1729920513L, 1439120752L, 
1870929166L, 1656741753L, -1578705141L, -306372550L, 2028973884L, 
1056771199L, 2011307989L, -262729236L, 1644061506L, -8115043L, 
-584755945L, 2085874814L, 1797997624L, 135963419L, -79705991L, 
-1432776504L, -454870794L, 1673873713L, 1097662819L, 1088328498L, 
-898081660L, -661100345L, 2116539293L, -2042079468L, 1993805242L, 
263875589L, -1825472033L, -673545114L, -1114061840L, -189825773L, 
-911875407L, -399159968L, 1623769854L, -315883895L, 1095969211L, 
67638154L, 1299888748L, -217517073L, 1138916389L, 262300892L, 
1527282354L, 1796611501L, -731012761L, -1420280178L, -1965398168L, 
-191340693L, -1284732663L, 1902059416L, 685532870L, 287323169L, 
154116275L, 735902242L, -1180550124L, 1268232343L, -1034075507L, 
-1180740700L, -317035126L, 339646965L, -558599089L, -868175018L, 
516762112L, -1821867197L, -426130719L, -153497520L, -1447497554L, 
-577887143L, 1655100523L, 39754202L, -908254564L, 617348255L, 
-30691595L, 1930318732L, -1771838878L, 1921078845L, 1966356663L, 
-673495202L, 1416596120L, 185981435L, -412613735L, -1778983896L, 
-1798206250L, -1425557167L, 310056963L, 782417810L, -362189532L, 
-1439341593L, 1665316925L, -2025855308L, 1887464730L, 535985765L, 
1711821567L, 1542064006L, 1348385040L, -1998829133L, -1181478319L, 
549650944L, -1242489122L, 787207465L, 660101339L, -1418092566L, 
1841201036L, -318099249L, 1127395461L, -816032964L, -1664816622L, 
2007032077L, -718345657L, -2034372562L, 2022196616L, 1109302411L, 
-1782499735L, 1327262264L, 2085468902L, -97053055L, -1706411501L, 
1052802498L, -327879052L, -1164867465L, 560736621L, -1223717372L, 
448855338L, -709076331L, -1854279377L, -723893194L, 1655267424L, 
-848755037L, 1797128641L, -1861108304L, 1314763982L, 1048977977L, 
-1931365301L, -1768892934L, -2094903044L, -708065985L, 468711957L, 
1987989804L, 2008891906L, 138940637L, -1419353129L, 948919998L, 
373254392L, -1507879205L, 1666182457L, 1683257480L, 1930002486L, 
588854385L, -1005289821L, 1361327090L, 1128417092L, 1706641415L, 
1257514461L, 1302553300L, -1689227782L, -1770323643L, -1766701665L, 
248313638L, -1321281616L, -1116572589L, 1730391921L, -1289328992L, 
1666124350L, -67755703L, -1930944517L, -1190771766L, -1341072084L, 
86552879L, -147513371L, 341196444L, -344208654L, -2144343187L, 
-863382361L, 1856704206L, 1962796072L, 251459627L, 1004714569L, 
-1298558120L, 1612684806L, 1450764257L, -1109133965L, 2099371490L, 
2096124244L, 248455255L, 34679885L, -1756815388L, 1687629258L, 
1254143029L, -597716337L, -1949545578L, -977363180L, 1186831682L, 
-1004744960L, -410534980L, -1804689584L, -1693195998L, -850482616L, 
-1070147572L, -237925284L, -55455278L, 728176128L, -981307052L, 
1417617640L, 1983041786L, 100968144L, 1751206188L, -517523212L, 
-1029427822L, 1069549920L, -471382004L, 1374595808L, 191144546L, 
1857780392L, -1558676916L, -647248004L, -350384846L, -272832912L, 
-1860633788L, -490141736L, 1734319994L, -1416581584L, 1951717308L, 
1087313492L, -619149246L, 351699104L, -2065568068L, 1800309200L, 
1352360802L, -35912984L, 900972748L, -915013124L, -2076399118L, 
708934272L, 1552152052L, -1579325816L, 1813077818L, 341410640L, 
1911714924L, 679836052L, -1186323374L, -1575458336L, 1156332748L, 
-842650464L, -408119934L, 139600104L, -405307668L, -2075620036L, 
1307753586L, -1404870544L, -890505180L, 463875128L, 44070682L, 
1606450384L, 1060050748L, -113322092L, -399045758L, 762491328L, 
-833401284L, 811083152L, -457988574L, 836672776L, 41780876L, 
808507164L, 1519788178L, -630666880L, 1805999636L, 1314672424L, 
361304634L, -2145970736L, 26675564L, -1402035276L, -886061038L, 
581889504L, -525516852L, 1143382240L, -885663710L, -779648728L, 
1683766796L, -398729412L, 264535026L, -1835685136L, -192108988L, 
-1796693416L, -1589289158L, 287241712L, -1704079684L, -327460588L, 
-1757349182L, 669535328L, 546665340L, 1218889680L, -291520222L, 
286624424L, -1006374004L, 629844156L, 817063730L, -1820128704L, 
-2124389196L, -544572856L, -598958662L, -1752630768L, -1925854484L, 
-955102892L, 628769042L, 1249525152L, 1899207372L, -1241760160L, 
-548544574L, 841187112L, -1338290260L, 225096508L, 1004472690L, 
-1994409168L, -868219612L, 575511352L, 1372624602L, 1148133264L, 
787541756L, -1672969324L, 1575614530L, -688069376L, 1754350652L, 
1514144080L, -155826014L, -2116052664L, -1409022196L, -1568394532L, 
1560292690L, 1579564160L, 751698004L, 695130088L, 1795170554L, 
67619664L, -1835475156L, -849307276L, -1213117550L, 1767123040L, 
1978262924L, -1756923040L, -2147104286L, -1185846360L, 1783774412L, 
1946630140L, -752982606L, -960229904L, -1316684860L, 335928664L, 
120451450L, 2093812656L, 483279292L, 1497516116L, -274714686L, 
241465376L, 1773607100L, 939803216L, 1143557090L, 540289128L, 
307379276L, -311527172L, -2131166222L, 110254336L, -45629068L, 
2105672712L, 771129274L, -862055984L, 1918950380L, -1670121068L, 
-1406697006L, -1413033632L, 323710796L, 1964337440L, 1380800386L, 
-1606758680L, 214114540L, -95001540L, -2070103182L, -313555344L, 
2142030884L, -1882684616L, 1434926234L, -1273951536L, -802283332L, 
1680203412L, -1873056126L, -1665091392L, -1575937220L, 860826768L, 
1546878498L, 306511880L, 502875404L, 1808426140L, -938713582L, 
1678012288L, -1827101164L, -345734616L, -144896710L, -495590960L, 
-2122474388L, 154155316L, -1178014062L, -658050208L, 1384293196L, 
-972785696L, 1950988194L, 571160488L, 931630476L, -1103105860L, 
-768691854L, -1812075280L, 2103488580L, -1438279336L, 1734401594L, 
910662512L, 1165760572L, -2100971756L, -767287870L, 325145312L, 
-1588500696L, -474613359L, -278511741L, 1050883204L, -151260494L, 
1946428935L, -1525946799L, 1229610454L, -116084556L, 591981765L, 
168635919L, 41707144L, 1836927910L, -1635089581L, 1873611957L, 
-1786746350L, -1639421984L, 1220262473L, 1649012859L, 416424268L, 
954037466L, -1385696049L, 320250009L, 678296750L, -114767428L, 
1042788909L, -902396457L, 1922567200L, -263687810L, -451977397L, 
-1202867L, -529994886L, 176549304L, 1255313249L, 196552467L, 
421740340L, 1427533122L, -1664114345L, -1038848863L, -2082966170L, 
-160311452L, 1760597653L, 1932169151L, -1985096872L, -1491029642L, 
-1608371325L, 870232517L, -1617897758L, 2109028176L, 439456377L, 
-1905060437L, -565585124L, -611570614L, 1654437951L, 518301833L, 
1135013022L, -952526516L, -2130902755L, -548729689L, 1811831760L, 
667624302L, -405118437L, 2144985981L, -949354134L, -1173225464L, 
1481124017L, 910313251L, 788120612L, 1861523154L, 891089703L, 
1797731697L, -1266271306L, 2064424788L, -727246363L, -1798208529L, 
-1891970264L, 1886966662L, -1217007693L, -1208826091L, -1726123662L, 
-826231360L, 551069225L, 1454733979L, 31523692L, 312531834L, 
195863727L, -51064903L, -206517810L, -474141412L, -776517491L, 
-710040329L, 1126465536L, -2144165282L, 1020640555L, 1843641901L, 
2095679130L, -369438120L, 106114497L, 771527283L, -107868268L, 
781852194L, 942317879L, 1584492545L, 843779334L, 222574916L, 
-713577355L, -568508961L, 1884047672L, -2128035050L, 5380899L, 
-27692827L, 1072876802L, -540606608L, -640983271L, 1478260491L, 
-1872473092L, -1033277398L, 1670782047L, 1213420521L, 65625342L, 
60429548L, -1243854787L, -931464185L, 480667632L, 1153029006L, 
-354594373L, 962269085L, -2139693750L, -1585605272L, -934577327L, 
-1438271421L, -688463548L, 401955314L, 1743047623L, -1186333295L, 
1835692310L, -1414626956L, -235800571L, 1447067727L, -613678008L, 
